  -5.2855e-04
  -6.7047e-04
  -8.9358e-04
  -1.2274e-03
  -1.6995e-03
  -2.3345e-03
  -3.1523e-03
  -4.1672e-03
  -5.3869e-03
  -6.8115e-03
  -8.4336e-03
  -1.0237e-02
  -1.2199e-02
  -1.4288e-02
  -1.6466e-02
  -1.8691e-02
  -2.0915e-02
  -2.3087e-02
  -2.5157e-02
  -2.7074e-02
  -2.8789e-02
  -3.0259e-02
  -3.1445e-02
  -3.2316e-02
  -3.2848e-02
   9.6666e-01
  -3.2848e-02
  -3.2316e-02
  -3.1445e-02
  -3.0259e-02
  -2.8789e-02
  -2.7074e-02
  -2.5157e-02
  -2.3087e-02
  -2.0915e-02
  -1.8691e-02
  -1.6466e-02
  -1.4288e-02
  -1.2199e-02
  -1.0237e-02
  -8.4336e-03
  -6.8115e-03
  -5.3869e-03
  -4.1672e-03
  -3.1523e-03
  -2.3345e-03
  -1.6995e-03
  -1.2274e-03
  -8.9358e-04
  -6.7047e-04
  -5.2855e-04
