   1.55603408182146e-04
   1.97863126601643e-04
   2.43852542688635e-04
   2.94009817062083e-04
   3.47857687661628e-04
   4.03697196083271e-04
   4.58362251446797e-04
   5.07067219806696e-04
   5.43376517063256e-04
   5.59319531290612e-04
   5.45666301452606e-04
   4.92369594664849e-04
   3.89167865998080e-04
   2.26331692099908e-04
  -4.47562700345580e-06
  -3.09263725147546e-04
  -6.90757078718826e-04
  -1.14747043541011e-03
  -1.67287938412418e-03
  -2.25474862427390e-03
  -2.87467770474152e-03
  -3.50791739029611e-03
  -4.12349950452499e-03
  -4.68470945266741e-03
  -5.14991422521296e-03
  -5.47374030011060e-03
  -5.60857643322740e-03
  -5.50635689905471e-03
  -5.12056241576489e-03
  -4.40835985080969e-03
  -3.33278887247944e-03
  -1.86489487122757e-03
   1.42965872401213e-05
   2.31206734465062e-03
   5.02265325357862e-03
   8.12633490417090e-03
   1.15890408023429e-02
   1.53625103506014e-02
   1.93850397439271e-02
   2.35828075396122e-02
   2.78717494862478e-02
   3.21599255776753e-02
   3.63502976130764e-02
   4.03438141051583e-02
   4.40426823524509e-02
   4.73536958377570e-02
   5.01914795267075e-02
   5.24815165057230e-02
   5.41628267735854e-02
   5.51901826031072e-02
   5.55357641103316e-02
   5.51901826031072e-02
   5.41628267735854e-02
   5.24815165057230e-02
   5.01914795267076e-02
   4.73536958377570e-02
   4.40426823524509e-02
   4.03438141051583e-02
   3.63502976130764e-02
   3.21599255776753e-02
   2.78717494862478e-02
   2.35828075396122e-02
   1.93850397439271e-02
   1.53625103506014e-02
   1.15890408023429e-02
   8.12633490417090e-03
   5.02265325357861e-03
   2.31206734465062e-03
   1.42965872401210e-05
  -1.86489487122757e-03
  -3.33278887247944e-03
  -4.40835985080969e-03
  -5.12056241576489e-03
  -5.50635689905471e-03
  -5.60857643322740e-03
  -5.47374030011060e-03
  -5.14991422521296e-03
  -4.68470945266741e-03
  -4.12349950452500e-03
  -3.50791739029610e-03
  -2.87467770474152e-03
  -2.25474862427390e-03
  -1.67287938412418e-03
  -1.14747043541011e-03
  -6.90757078718826e-04
  -3.09263725147547e-04
  -4.47562700345628e-06
   2.26331692099909e-04
   3.89167865998080e-04
   4.92369594664849e-04
   5.45666301452606e-04
   5.59319531290613e-04
   5.43376517063257e-04
   5.07067219806697e-04
   4.58362251446797e-04
   4.03697196083271e-04
   3.47857687661628e-04
   2.94009817062083e-04
   2.43852542688635e-04
   1.97863126601643e-04
   1.55603408182146e-04
